NUMBER,NAME,POP2019,LAT,LON
1,Bratislava,437725,48.143889,17.109722
2,Košice,238593,48.716667,21.25
3,Prešov,88464,49.001667,21.239444
4,Žilina,80727,49.222778,18.74
5,Banská Bystrica,78084,48.735278,19.145278
6,Nitra,76533,48.306944,18.086389
7,Trnava,65033,48.3775,17.588333
8,Trenčín,55383,48.891944,18.036667
9,Martin,54168,49.065,18.921944
10,Poprad,51235,49.059444,20.2975
10,Prievidza,45634,48.771111,18.621667
12,Zvolen,42167,48.570556,19.1175
13,Považská Bystrica,39271,49.113889,18.441667
14,Michalovce,38776,48.755278,21.913333
15,Nové Zámky,37512,47.985556,18.157778
16,Spišská Nová Ves,37007,48.943889,20.5675
17,Komárno,33751,47.763333,18.128333
18,Humenné,32834,48.935833,21.906667
19,Levice,32735,48.216389,18.608056
20,Bardejov,32293,49.293333,21.276111
21,Liptovský Mikuláš,31000,49.084167,19.602222
22,Lučenec,27739,48.328611,19.669167
23,Piešťany,27336,48.584167,17.833611
24,Ružomberok,26558,49.078611,19.308333
25,Topoľčany,24785,48.554167,18.176944
26,Trebišov,24649,48.627778,21.717222
27,Čadca,23941,49.435833,18.792222
28,Rimavská Sobota,23751,48.381111,20.014444
29,Dubnica nad Váhom,23550,48.960556,18.173889
30,Pezinok,23034,48.291944,17.266111
31,Dunajská Streda,22684,47.994444,17.619444
32,Partizánske,22269,48.625833,18.372778
33,Vranov nad Topľou,22245,48.880833,21.673333
34,Šaľa,21689,48.150278,17.8775
35,Hlohovec,21301,48.433333,17.803333
36,Brezno,20889,48.803889,19.643611
37,Senica,20289,48.680556,17.366667
38,Snina,20289,48.988056,22.156667
39,Nové Mesto nad Váhom,20071,48.754722,17.830833
40,Senec,19963,48.218889,17.399722
41,Rožňava,19045,48.658333,20.530833
42,Žiar nad Hronom,18852,48.584167,18.860833
43,Dolný Kubín,18665,49.210556,19.2975
44,Bánovce nad Bebravou,17750,48.718611,18.258056
45,Púchov,17561,49.12,18.330556
46,Malacky,17467,48.435833,17.017778
47,Handlová,16890,48.727222,18.761944
48,Kežmarok,16346,49.133611,20.426389
49,Stará Ľubovňa,16327,49.309444,20.678889
50,Sereď,15444,48.288611,17.731389
51,Skalica,15022,48.842222,17.226667
52,Galanta,14990,48.188889,17.726389
53,Kysucké Nové Mesto,14953,49.298333,18.786667
54,Levoča,14722,49.025278,20.588056
55,Detva,14545,48.551389,19.418333
56,Šamorín,13350,48.026667,17.311667
57,Sabinov,12700,49.106111,21.085556
58,Stupava,12108,48.271111,17.031667
59,Revúca,11949,48.683056,20.113333
60,Veľký Krtíš,11755,48.215,19.338056
61,Myjava,11514,48.749167,17.564444
62,Zlaté Moravce,11375,48.378333,18.396667
63,Bytča,11363,49.224167,18.564167
64,Moldava nad Bodvou,11307,48.606389,21.000278
65,Holíč,11158,48.812222,17.160556
66,Nová Dubnica,11040,48.933056,18.143889
67,Svidník,10752,49.305556,21.567778
68,Kolárovo,10586,47.916944,17.995556
69,Fiľakovo,10568,48.268333,19.824722
70,Stropkov,10438,49.205,21.651389
71,Štúrovo,10186,47.799167,18.718056
72,Banská Štiavnica,10004,48.458056,18.896389
73,Šurany,9659,48.087222,18.186111
74,Tvrdošín,9201,49.334278,19.554806
75,Modra,9046,48.331667,17.308889
76,Veľké Kapušany,8862,48.550278,22.084722
77,Stará Turá,8764,48.776667,17.696111
78,Krompachy,8684,48.913889,20.873889
79,Veľký Meder,8612,47.856389,17.770556
80,Vráble,8551,48.240833,18.308611
81,Sečovce,8542,48.7025,21.656667
82,Svit,7923,49.065833,20.187222
83,Krupina,7912,48.353611,19.066667
84,Námestovo,7784,49.402778,19.481389
85,Vrútky,7748,49.111667,18.918333
86,Turzovka,7515,49.402778,18.621944
87,Kráľovský Chlmec,7426,48.423056,21.972778
88,Hriňová,7415,48.573333,19.522778
89,Hnúšťa,7411,48.573333,19.953889
90,Hurbanovo,7397,47.875556,18.193333
91,Liptovský Hrádok,7397,49.0375,19.725833
92,Trstená,7360,49.361667,19.610556
93,Nová Baňa,7314,48.424444,18.639167
94,Šahy,7219,48.065278,18.951389
95,Tornaľa,7114,48.422222,20.330278
96,Krásno nad Kysucou,6799,49.391667,18.833333
97,Želiezovce,6746,48.048611,18.660278
98,Spišská Belá,6733,49.185833,20.456667
99,Lipany,6542,49.152778,20.961944
100,Medzilaborce,6531,49.270833,21.903889
101,Veľký Šariš,6426,49.038333,21.191667
102,Nemšová,6414,48.960556,18.116389
103,Sobrance,6346,48.743611,22.180833
104,Turčianske Teplice,6330,48.858889,18.863611
105,Žarnovica,6170,48.48,18.718056
106,Gelnica,6047,48.848056,20.937222
107,Vrbové,5907,48.62,17.723611
108,Rajec,5787,49.086944,18.632778
109,Svätý Jur,5724,48.251944,17.215556
110,Dobšiná,5685,48.820556,20.365833
111,Poltár,5584,48.430556,19.7975
112,Gabčíkovo,5473,47.9,17.583333
113,Ilava,5464,48.993611,18.234444
114,Kremnica,5258,48.699722,18.915833
115,Sládkovičovo,5209,48.205278,17.644167
116,Gbely,5073,48.716111,17.122222
117,Nesvady,5049,47.933333,18.116667
118,Bojnice,4992,48.779167,18.583333
119,Šaštín-Stráže,4965,48.641667,17.151389
120,Sliač,4959,48.611944,19.143611
121,Brezová pod Bradlom,4768,48.663889,17.539722
122,Medzev,4482,48.699722,20.893333
123,Turany,4278,49.116667,19.05
124,Strážske,4250,48.867222,21.824444
125,Nováky,4203,48.713333,18.539444
126,Trenčianske Teplice,4162,48.908333,18.168611
127,Leopoldov,4097,48.444167,17.7675
128,Giraltovce,4089,49.111667,21.518333
129,Tisovec,4087,48.680556,19.945556
130,Vysoké Tatry,4009,49.1475,20.2275
131,Spišské Podhradie,3985,49,20.751667
132,Hanušovce nad Topľou,3782,49.026389,21.500278
133,Čierna nad Tisou,3619,48.416667,22.096389
134,Tlmače,3520,48.287778,18.531111
135,Spišské Vlachy,3459,48.949722,20.797222
136,Jelšava,3289,48.625556,20.239444
137,Podolínec,3155,49.257222,20.530833
138,Rajecké Teplice,3023,49.125278,18.682222
139,Spišská Stará Ves,2230,49.383611,20.362778
140,Modrý Kameň,1624,48.24,19.333056
141,Dudince,1395,48.166667,18.882778
